Headline,BodyID,Agree,Disagree,Discuss,Unrelated
Ferguson riots: Pregnant woman loses eye after cops fire BEAN BAG round through car window,2008,0.296981,0.34124,0.168638,0.193141
Crazy Conservatives Are Sure a Gitmo Detainee Killed James Foley,1550,0.0614169,0.0105385,0.00489272,0.923152
A Russian Guy Says His Justin Bieber Ringtone Saved Him From A Bear Attack,2,0.0560814,0.0349111,0.00758539,0.901422
"Zombie Cat: Buried Kitty Believed Dead, Meows Back to Life",1793,0.148432,0.391272,0.216237,0.244059
Argentina's President Adopts Boy to End Werewolf Curse,37,0.00161604,0.00815586,0.000190744,0.990037
Next-generation Apple iPhones' features leaked,2353,0.000247489,0.000484523,0.00587546,0.993392
Saudi national airline may introduce gender segregation on its flights,192,0.598534,0.116075,0.149583,0.135808
'Zombie Cat' Claws Way Out Of Grave And Into Our Hearts,2482,0.138541,0.283793,0.007634,0.570032
"ISIS might be harvesting organs, Iraq tells UN",250,0.371812,0.0599449,0.44161,0.126633
Woman has surgery to get third breast: The three most statistically unlikely pairs of boobs,85,0.310152,0.0682873,0.0255494,0.596011
EXCLUSIVE: Apple To Unveil The Long-Awaited Retina MacBook Air At Its “Spring Forward” Event,1964,0.000503858,2.31383e-05,0.995396,0.00407653
50 foot crab : Is this a Crabzilla spotted in the UK?,2279,1.56453e-09,1.18799e-05,1.33387e-07,0.999988
Found! Missing Afghan Soldiers Spotted Trying to Enter Canada,2312,0.0789836,0.00780968,0.872286,0.0409212
Obama Orders Fed To Adopt Euro Currency,2289,0.00401899,0.00411804,0.00220518,0.989658
Report: Three missing Afghan soldiers caught at Canadian border,1754,0.0500803,0.00992502,0.914697,0.0252976
3-Boobed Woman a Fake,1618,0.649203,0.0158571,0.207948,0.126992
"Fowler Falls For Fake Website, Makes Crazy Claims About Tennis Star",2173,0.305558,0.0737537,0.00800423,0.612684
Hugh Hefner Dead? Fans Panic That Playboy Founder Is Gone,2320,0.16425,0.281015,0.0347653,0.51997
"Hong Kong's protesters are using the ""hands up, don't shoot"" gesture from Ferguson",2183,0.274191,0.0258629,0.0720529,0.627894
TV show tricks chronic catcallers into harassing their own mothers,486,0.0820239,0.0450647,0.0062809,0.866631
"ISIS might be harvesting organs, Iraqi ambassador tells UN, amid reports of more hostages being burned alive",930,0.0411427,0.0261024,0.929189,0.00356563
Texas Boy Suspended For 'Threatening' Classmate With The One Ring,2316,0.310157,0.039768,0.0121586,0.637917
Woman stung by scorpion on Alaska Airlines flight,1452,0.127462,0.0675992,0.010312,0.794627
"Disgusting! Joan Rivers Doc Gwen Korovin’s Sick Selfie EXPOSED — Last Photo Of Comic Icon, When She Was Under Anesthesia, At Center Of Medical Investigation",1636,0.954266,0.0158989,0.0154327,0.0144024
Mystery of 50ft giant crab caught on camera in Kent harbour,2245,0.870132,0.0232229,0.0422425,0.0644029
"Everything You Need To Know About Path, The Struggling Social Network In Apple's Sights",1655,0.468931,0.0526209,0.263072,0.215376
Fate of Isis leader remains unclear after US airstrike in Iraq,1980,0.0132137,0.00568785,0.0967599,0.884338
IS executioner 'Jihadi John' injured in air strike: reports,351,0.0540995,0.020238,0.906851,0.0188116
Saudi Arabia's national airline planning to introduce gender segregation on flights,192,0.429957,0.144794,0.278776,0.146473
Argentine President Takes On Godson — But Not To Keep Werewolf At Bay,914,0.292776,0.436266,0.0471621,0.223795
Report: Islamic State Attempting to Sell James Foley’s Body for $1 Million,1527,0.00227576,0.000969778,0.00269135,0.994063
Police officer in Charlie Hebdo investigation 'shot himself dead hours after the attack',1124,0.00284329,0.000304868,1.63786e-05,0.996835
Hugh Hefner Dead? Fans Panic That Playboy Founder Is Gone,1431,0.014865,0.0185739,0.00364605,0.962915
Purported Lisa Bonet Twitter Account Suspended After Cryptic Cosby Tweet,785,0.0695542,0.0164784,0.0839434,0.830024
Fresh agony for James Foley's family as sick ISIS militants 'try to sell them his headless body for $1million',1275,0.556843,0.0700374,0.18295,0.19017
Hewlett Packard ‘planning to split into two’,579,0.653822,0.0448658,0.0893749,0.211938
Sexually frustrated female owl killed male because 'his penis was too SMALL',656,1.36658e-06,0.000138958,3.18663e-06,0.999856
Joan Rivers' doctor snapped selfie during throat surgery: report,1639,0.00241411,0.00698859,0.000537125,0.99006
Scorpion stings woman on OSU plane,279,0.00960451,0.00268921,0.000141253,0.987565
Florida woman claims to have surgically added third breast,328,0.168538,0.641138,0.0877203,0.102604
Raven-Symone Did NOT Accuse Bill Cosby Of Molestation Or Rape — It’s A HOAX,1394,0.00620448,0.00368651,0.000967101,0.989142
APPLE WATCH MAY GO ON SALE IN MARCH ACCORDING TO ANALYST,2315,0.141144,0.051874,0.204035,0.602947
Crazy Conservatives Are Sure a Gitmo Detainee Killed James Foley,990,0.00414375,0.00277094,1.77172e-06,0.993084
Saudi Arabian airline to separate genders after men complain about blokes sitting next to their wives,1290,0.0512479,0.0267389,0.000200577,0.921813
U.S. airstrikes 'hit ISIS leader': Terror group chief 'critically wounded' in Iraq after coalition forces bomb jihadi leaders,927,0.159813,0.0466421,0.0651276,0.728418
Report: Apple Rethinking Beats Music Brand,528,6.13866e-06,1.89291e-05,8.83774e-05,0.999887
‘I will have justice for what they did to me’: Pregnant St. Louis woman loses eye after police fire non-lethal round at car during Ferguson protest (VIDEO),1396,0.0544064,0.00375138,0.00127284,0.940569
Tesla chooses Nevada for battery factory: Sources,1118,0.00236639,0.00273437,9.91703e-05,0.9948
Islamic State releases video showing beheading of US hostage Steven Sotloff,926,0.0710477,0.0194491,0.901704,0.00779911
China Penis Amputation: Cruel Aunt Viciously Mutilates Toddler's Genitals as Punishment,1160,0.772383,0.0184645,0.0598885,0.149264
Isis air strikes: Abu Bakr al-Baghdadi 'critically wounded' in air strikes near Mosul,2027,0.0719143,0.0462014,0.878599,0.00328539
Breast Chancer,1607,0.481068,0.0361574,0.0410483,0.441726
Email to Tim Cook prompted change of Apple's 'on hold' music quality,172,6.0738e-11,1.64603e-07,3.63026e-08,1.0
Joan Rivers’ doctor snapped a selfie before biopsy surgery,2482,0.64343,0.0399662,0.0295408,0.287063
"Saudi airline, Saudia, to ban gender-mixing",1765,0.00606809,0.00958283,1.19202e-05,0.984337
Joan Rivers' Doctor Took a Selfie While She Was Under Anesthesia (Report),2357,0.741567,0.0260756,0.116468,0.11589
"Oil spikes on U.S. inventory data, Saudi explosion rumor",1937,0.948329,0.0115748,0.0286272,0.011469
"Report: Tesla will build its Gigafactory in Nevada, not Texas",1766,0.178868,0.0893816,0.627691,0.104059
"Three-breasted Florida woman Jasmine Tridevil insists third boob is real, but police report shows she once lost 'prosthesis'",290,0.85923,0.02156,0.0459108,0.0732989
U.S. Officials Threatened James Foley’s Parents With Prosecution Over Ransom,967,0.0331311,0.00205529,0.0193412,0.945472
"Wife chops off cheating husband’s penis, twice",1763,5.86347e-07,4.63484e-05,7.48035e-09,0.999953
President Sisi's Gift,3,0.0627554,0.631071,0.0159555,0.290218
Is this a Crabzilla spotted in the UK? Monster crab measures about 50 feet,893,0.355546,0.0339081,0.40512,0.205425
'Throat specialist to the stars' allegedly involved in fatal Joan Rivers procedure denies taking selfie with star as she releases statement saying she will not comment on tragic incident,1765,0.636398,0.0281768,0.0460939,0.289331
"Everything You Need To Know About Path, The Struggling Social Network In Apple's Sights",1512,0.0262537,0.142596,0.0101769,0.820974
"New Twist: Charlie Hebdo Police Investigator Turns Up Dead, ‘Suicided’",1394,0.124656,0.0137755,0.0933895,0.768179
Steven Sotloff beheading: Latest updates as ISIS release gruesome video of US journalist's murder,2289,0.636936,0.0833393,0.209986,0.0697388
Mystery of 50ft giant crab caught on camera yards from British harbour,2323,0.0723532,0.0457333,0.0365111,0.845402
Saudi Arabia airline segregation: Saudi airlines to assign seats based on gender,811,0.00385309,0.00116212,1.18832e-05,0.994973
Apple Watch may be available outside US shortly after launch,2294,0.0144969,0.00716187,0.0317092,0.946632
ISIS online video shows beheading of U.S. journalist Steven Sotloff,2289,0.128752,0.0203076,0.773786,0.077154
These Men Weren't Really Tricked Into Sexually Harassing Their Moms,1763,0.0289877,0.0425554,0.00959061,0.918866
Argentina's President Adopts Jewish Boy to Keep Him from Turning into a Werewolf,2383,0.745646,0.0529911,0.0882224,0.113141
Female Kurdish ‘poster girl’ fighter feared killed,100,0.000147771,0.00128221,0.00064841,0.997922
"Justin Bieber ringtone scares bear, saves Russian fisherman",2493,0.793359,0.0313552,0.0527969,0.122489
ISIS Reportedly Beheaded The 'Poster Child' For Kurdish Female Fighters,960,2.24455e-06,2.60938e-05,3.2312e-05,0.999939
Woman Faces Jail Time After Slicing Off 3-Year-Old Nephew's Penis,1257,0.0696326,0.00387365,0.924431,0.00206295
IS Beheads Its Own Fighters in Accordance With Their Interpretation of Sharia Law,1609,0.360932,0.183523,0.0542497,0.401295
"Joan Rivers Death Preventable? Melissa Rivers Taking Legal Action, News Of Doctor’s Selfie Surfaces",2119,0.203096,0.438847,0.0580116,0.300045
ISIS video shows beheading of American journalist Steven Sotloff,2465,3.11516e-06,2.36907e-07,2.84759e-07,0.999996
President of Argentina Adopts Boy to Stop Him from Becoming a Werewolf,145,0.104416,0.194165,0.0562983,0.645121
Explosive New Details Of Joan Rivers’ Medical Crisis: Doctor Snapped Selfie With Legendary Comic & Performed Unauthorized Biopsy While She Was Under Anesthesia!,2323,0.0988837,0.029028,0.192097,0.679991
Foley family says was 'threatened' by U.S. official over ransom: ABC,2512,0.677992,0.0436884,0.193052,0.0852676
Joan Rivers' Doctor Reportedly Took a Selfie Before Her Cardiac Arrest,223,0.0780533,0.100205,0.024542,0.797199
Kid Suspended For Allegedly Threatening Classmate With ‘Hobbit’ Magic,393,0.948084,0.0168407,0.0251437,0.00993167
Flight Delayed Due To Rampaging Scorpion,1696,0.0111778,0.00905734,0.000788772,0.978976
"NHL expansion ahead? No, says Gary Bettman",901,0.0510632,0.0245215,0.0010736,0.923342
"Rumor Check: Are Hong Kong Protesters Really Using the ‘Hands Up, Don’t Shoot’ Gesture in Solidarity With Ferguson?",758,0.0793482,0.0227575,0.0337159,0.864178
The World's Most Accurate Apple Analyst Says The Apple Watch Is Coming In March,764,0.0248727,0.0085423,0.0177207,0.948864
URGENT: ISIS beheads Kurdish female fighter “Rehana”,1080,0.00950856,0.00476016,0.941492,0.0442396
Justin Bieber Helps Defend Russian Fisherman From Bear,2373,0.876959,0.0639018,0.0154637,0.0436752
Joan Rivers Personal Doctor Allegedly Took A Selfie Before Her Biopsy And Cardiac Arrest,2291,0.489748,0.034121,0.0373136,0.438818
Florida Woman Has Surgery To Add Third Breast To Her Chest,3,0.0309088,0.236646,0.0080143,0.724431
Florida woman gets third breast surgically implanted,1128,0.756495,0.078241,0.0579908,0.107273
ISIS Releases Video Allegedly Showing Beheading of U.S. Journalist Steven Sotloff,1354,6.48801e-09,3.14528e-08,4.10021e-09,1.0
Justin Bieber ringtone saves man being mauled by bear,1309,1.16249e-06,0.000188511,1.83756e-07,0.99981
"Source: Joan Rivers' doctor took selfie, began biopsy before her cardiac arrest",2517,0.54879,0.0273664,0.0177555,0.406088
"Fake or freak? Woman, 21, claims to have paid $20,000 to surgically add third breast in desperate bid to become a reality TV star",1275,0.0841145,0.0219558,0.0144313,0.879498
HP reportedly plans to split PC and printer business from enterprise unit,1111,0.0316269,0.0196603,0.0392095,0.909503
HP to split into two businesses -- report,1414,0.0428807,0.0285677,0.174193,0.754358
Man saved from bear attack - thanks to his Justin Bieber ringtone,766,0.782813,0.0175386,0.0235662,0.176082
This Woman Claims To Have Had Plastic Surgery To Have A Third Breast,1128,0.219989,0.0369696,0.673158,0.0698834
"Gwen Korovin, Joan Rivers’s doctor, denies taking selfie",2512,0.216214,0.208095,0.159515,0.416176
People Actually Believed Argentina’s President Adopted A Jewish Boy To Stop His Change Into A Werewolf,2382,0.10269,0.0587506,0.180249,0.658311
"Apple Watch to go on sale in March, claims analyst",1626,5.67053e-05,0.000209294,2.12264e-05,0.999713
"Passenger headed to Dallas rages over ‘Merry Christmas,’ removed from plane",1324,0.29915,0.0526203,0.259731,0.388499
British Jihadi Killed In US Airstrike - Reports,2099,3.20561e-06,1.97803e-07,7.08624e-09,0.999997
"Report: Joan Rivers doctor took selfie, began biopsy, source says",2467,0.0939696,0.076629,0.361391,0.468011
"KGI: iPhone sales forecast at 73M for Q4 ahead of Apple Watch debut in March, 12"" MacBook Air in Q1",2464,0.340089,0.024699,0.45636,0.178852
U.S. Officials Threatened James Foley’s Parents With Prosecution Over Ransom,262,0.0388973,0.0126975,0.751148,0.197257
"Report: Woman claims she had third breast added, hopes to become a TV star",274,0.0422003,0.0402306,0.220776,0.696793
Is Kim Jong ill? North Korean dictator in poor health as his weight has ballooned thanks to an obsession with cheese,2259,0.0877482,0.0288468,0.525804,0.357601
ISIL Has Reportedly Beheaded Journalist Steven Sotloff,2229,0.0151423,0.00186964,0.9826,0.000387613
South Korean woman's hair 'eaten' by robot vacuum cleaner as she slept,452,3.01772e-08,4.08376e-06,3.55856e-08,0.999996
iPhone 6s Rumored to Include 2GB of Faster RAM and 'Force Touch' Technology,914,1.42356e-07,3.21809e-06,1.85028e-08,0.999997
"Source: Joan Rivers' doc did biopsy, selfie",1793,0.0337225,0.0238519,0.00564802,0.936778
This Woman Claims To Have Had Plastic Surgery To Have A Third Breast,2383,0.170443,0.0390131,0.459186,0.331358
Watch Two Guys Appear to Get Tricked Into Catcalling Their Own Moms,2030,0.147112,0.103573,0.106238,0.643077
"Report: Toronto, Seattle, Quebec City to join Vegas in 2017 NHL expansion",196,1.76958e-06,3.86419e-05,1.17869e-05,0.999948
Argentina's president 'adopts' godson 'to prevent him becoming a werewolf',1633,0.59023,0.0683467,0.0344219,0.307001
These Men Weren't Really Tricked Into Sexually Harassing Their Moms,492,0.00170621,0.00948155,0.000261542,0.988551
Joan Rivers' Doctor Took a Selfie While She Was Under Anesthesia (Report),1326,0.773992,0.0149941,0.0193888,0.191625
"Fowler Falls For Fake Website, Makes Crazy Claims About Tennis Star",2527,5.92497e-06,0.000114052,0.000114336,0.999766
Hong Kong riot cops forced to withdraw after democracy protesters copy 'Don't shoot' gesture used by US demonstrators after a police officer shot an unarmed black teenager,1044,0.0573777,0.305181,0.0172062,0.620236
Saudi Arabia outlaws ‘tempting eyes’,575,0.0277716,0.0242181,0.0017925,0.946218
"Boy, 5, given £15.95 invoice for missing friend's birthday party",1639,4.55065e-05,0.000709495,6.3615e-05,0.999181
American Airlines boots man from plane after ‘Merry Christmas’ prompts meltdown,354,0.283507,0.047156,0.0249004,0.644437
"Woman Gets Third Boob Implanted, Wants to Be ""Unattractive to Men""",290,0.840589,0.0212545,0.0356183,0.102539
Saudi Airlines to Separate Men and Women on Flights,1633,0.289507,0.0527014,0.0201491,0.637642
‘Three-boobed’ woman: They’re not fake,1617,0.185689,0.0469803,0.242794,0.524537
"ISIS Might Be Harvesting Organs To Finance Operations, Iraqi Envoy Tells UN",2198,0.00719387,0.0114335,0.068889,0.912484
Saudi Arabia's national airline to introduce gender segregation after a string of complaints from male passengers,2140,0.252706,0.12645,0.480733,0.140111
"Joan Rivers' Doctor ""Took a Selfie"" During Procedure: CNN",2291,0.1169,0.0070666,0.00195121,0.874083
Indian bride marries wedding guest after husband has epileptic seizure during ceremony,1432,0.439142,0.0273035,0.097587,0.435968
Report: Second American Journalist Beheaded by Islamic State Terrorists,2059,0.000776777,0.00106628,8.99575e-05,0.998067
Saudi Arabia's national airline planning to introduce gender segregation on flights,2222,0.0573048,0.00476744,0.0391941,0.898734
"Joan Rivers' doctor denies 'unauthorized procedure,' selfie before cardiac arrest",2057,0.0795305,0.0159821,0.0113536,0.893134
This Campaign Shows A Pretty Genius Way To Stop Men Catcalling In The Street,786,0.058421,0.0161555,0.00017793,0.925246
Crabzilla,778,0.306768,0.0221762,0.00692088,0.664135
"Woman Cuts Off Husband's Penis Twice, Then Throws It Out the Window",1023,3.23474e-06,0.000513675,3.51149e-07,0.999483
Apple Watches to be kept in safes,967,0.243384,0.00743808,0.670665,0.0785131
Tesla Said to Select Nevada for Its First Battery Site,1736,0.180189,0.0352739,0.0429902,0.741547
Stolen Member,1765,0.89039,0.04925,0.0571935,0.00316659
Meet the 3-boobed woman,2392,0.452241,0.0398394,0.0365673,0.471353
White House denies threatening families of James Foley and Steven Sotloff over ISIS ransom but adds 'we made the law clear to them',1100,0.698521,0.0996036,0.0782676,0.123608
Lunch theft prompts ransom note from sandwich thief,422,0.0212013,0.334269,0.00258183,0.641948
"Twitter messages attributed to Lisa Bonet was hoax, manager says",2216,0.536036,0.00828958,0.015226,0.440449
Is Jasmine Tridevil's Triple Breasted Tale An Internet Hoax?,1204,0.174834,0.126849,0.173178,0.525139
China Penis Amputation: Cruel Aunt Viciously Mutilates Toddler's Genitals as Punishment,1324,3.56813e-08,7.74172e-05,6.35262e-08,0.999923
Apple Reportedly Planning to Shut Down Beats Music,1275,3.41977e-05,0.000102729,0.000399344,0.999464
Report: Second American Journalist Beheaded by Islamic State Terrorists,1676,0.0534847,0.00718874,0.760843,0.178483
Video purportedly shows beheading of U.S. hostage Steven J. Sotloff,1387,8.51751e-06,2.03579e-05,9.93594e-07,0.99997
Government threatened Foleys with criminal charges over ransom,746,0.165045,0.0733879,0.0195237,0.742043
Report: Apple May Buy Social Network Path,1655,0.0300505,0.00341059,0.919138,0.047401
Argentina's president 'adopts' godson 'to prevent him becoming a werewolf',3,0.0936312,0.23226,0.0254103,0.648698
Is 'hands up' in Hong Kong really the same as in Ferguson?,1947,0.117165,0.0333642,0.0297342,0.819737
Jasmine Tridevil Has Surgery 'To Add Third Breast' Total Recall Style,2026,0.205728,0.251722,0.175598,0.366952
Jilted wife 'chopped off husband's penis TWICE with scissors after catching him cheating',1779,4.31431e-11,1.73044e-10,4.18348e-12,1.0
Meet the 3-boobed woman,1241,0.784657,0.153417,0.056032,0.00589442
Lenovo tipped to make a bid for BlackBerry this week,838,0.0675052,0.00616823,0.00349982,0.922827
Florida woman gets third breast to become 'unattractive' 32,1399,0.0813648,0.0602973,0.00205548,0.856282
Saudi national airline may introduce gender segregation on its flights,2279,0.0920503,0.0582288,0.625904,0.223816
Joan Rivers’s Personal Doctor Denies Taking Operating-Room Selfie,338,0.0823951,0.0738014,0.0132459,0.830558
Wife chopped her husband's penis off after she discovered he had cheated on her… then cut it off AGAIN after surgeons managed to reattach it in China,1526,0.59734,0.00896594,0.0452645,0.348429
Rumor: ‘new’ 4-inch iPhone on the way,177,3.44957e-05,3.97295e-05,2.0044e-06,0.999924
Angry Aunt Who Sliced Off Three-Year-Old Nephew’s Penis Facing Five Years In Jail,1581,0.477896,0.0266397,0.0858595,0.409604
"'Sílbale your mother', the mockumentary to stop street harassment in Peru [Google Translate]",823,0.0895837,0.149939,0.149068,0.61141
Son of North Korean aide linked to Kim Jong-un's executed uncle is 'on the run' in France amid fears he will be killed by regime,2136,0.000550038,0.0010765,0.0406643,0.957709
ISIS ‘organ harvesting’ must be probed by Security Council – Iraqi envoy,1759,0.42084,0.380082,0.0990571,0.10002
Steven Sotloff 'beheading': Islamic State fighters release video claiming to show death of second US journalist,1391,0.0275744,0.00697356,0.827834,0.137618
"Rehana, Poster Girl for Kurdish Peshmerga, Alive and 'Fighting Fiercely,' After ISIS' Claims of Beheading Her",535,0.000734253,0.00086446,0.000419016,0.997982
"Passenger headed to Dallas rages over ‘Merry Christmas,’ removed from plane",1246,0.0104763,0.00613749,2.39752e-05,0.983362
"ISIS leader Abu Bakr al-Baghdadi wounded in airstrike, Iraq officials say",2027,0.0705147,0.0438969,0.881259,0.00432931
"Woman pays $20,000 for third breast to make herself LESS attractive to men",1960,0.126255,0.0396328,0.501206,0.332906
Transgender Teen Leelah Alcorn Blames Christian Parents In Tumblr Suicide Note,21,0.763391,0.0229764,0.0266201,0.187012
Hewlett-Packard will reportedly split into two companies,1387,0.0238157,0.00793787,0.899981,0.0682653
Apple installing safes in-store to protect gold Watch Edition,1,1.21675e-07,4.22761e-05,4.53173e-08,0.999958
Hewlett Packard ‘planning to split into two’,1126,0.3077,0.0949995,0.121009,0.476291
'The Cosby Show' Star Raven Symone Joins Long List of Women Accusing Bill Cosby of Rape,814,0.0193472,0.0491434,0.00588962,0.92562
Joan Rivers’ doctor took a selfie while she was out cold before doing ‘an unauthorised biopsy’,1310,0.78386,0.0770393,0.0823077,0.0567931
Saudi Arabia's national airline plans to keep men and women apart,319,0.269703,0.219772,0.0618422,0.448682
Report: Woman who claimed to have third breast added is fake,2038,0.0281243,0.0160031,0.0720988,0.883774
Iraqi Official Accuses ISIS Of Harvesting Organs To Finance Operations,250,0.321494,0.241927,0.224478,0.212101
"Brain Surgery Recovery: Teenage Girl Wakes Up During Procedure, Talks About Cats",898,0.263517,0.0185973,0.0307742,0.687111
Scorpion stings woman on OSU plane,2050,6.81381e-06,0.000581731,3.32538e-06,0.999408
AUNT CUTS OFF 3-YEAR-OLD’S PENIS BECAUSE HE WALKED IN WHILE SHE WAS ON THE TOILET,1941,0.638231,0.0296539,0.0848648,0.247251
"Condition of Abu Bakr al-Baghdadi, Islamic State leader, in doubt after airstrike",2027,0.804414,0.118386,0.0613645,0.0158358
"Steven Sotloff, American Journalist, Allegedly Beheaded By ISIS",1596,0.183139,0.175387,0.0253436,0.61613
Story of ‘gutsy bravehearts’ who ‘repelled’ Boko Haram attack is a hoax,1915,0.418031,0.23336,0.215679,0.13293
Source: Missing Afghan soldiers at Canadian border,2396,0.00595176,0.000173595,0.00522542,0.988649
CNN: Doctor Took Mid-Surgery Selfie with Unconscious Joan Rivers,301,0.583223,0.0316843,0.0392033,0.345889
James Foley’s Family Claims Government Threatened Them Over Ransom Payments,1856,0.00108878,0.00571072,0.016996,0.976204
Foley family says was 'threatened' by U.S. official over ransom: ABC,1373,0.00798583,0.00813751,0.0659516,0.917925
Stolen Member,2183,0.799301,0.0244617,0.1721,0.00413776
Jasmine Tridevil Has Surgery 'To Add Third Breast' Total Recall Style,3,0.557034,0.0833285,0.148619,0.211018
Argentina’s President Adopted A Jewish Godson To Stop Him From Turning Into A Werewolf,202,0.0245843,0.00368065,0.000440644,0.971294
ISIS executioner 'Jihadi John' allegedly wounded by U.S.-led air strike: report,1779,2.59558e-08,3.52622e-11,2.19881e-11,1.0
Israeli politicians praise Sisi plan to give Palestinians land for a state in Sinai,1316,0.00499737,0.00624819,8.96301e-05,0.988665
Sexually frustrated female owl killed male because 'his penis was too SMALL',2482,0.257482,0.0293773,0.116682,0.596459
The Story of the 3-Boobed Lady Is As Fake As Her Third Boob,1706,0.150211,0.0818891,0.0385312,0.729369
Bear attack foiled by Justin Bieber’s music: A story too good to check,923,0.161657,0.0252895,0.0296596,0.783394
"Source: Joan Rivers' doc did biopsy, selfie",2320,0.722049,0.0298208,0.0413292,0.206801
The World's Most Accurate Apple Analyst Says The Apple Watch Is Coming In March,1798,0.565714,0.0533528,0.310728,0.070205
Justin Bieber ringtone saves Russian fisherman from bear attack,2270,0.291736,0.560706,0.0329882,0.11457
'Dear Sandwich Thief': Man's hilarious response to passive-aggressive sign posted on his office's fridge door sparks incredible kitchen note war,422,0.0395383,0.686088,0.00980975,0.264564
El-Sisi denies claims he'll give Sinai land to Palestinians,2100,0.00804249,0.00510977,9.62985e-05,0.986751
Steven Sotloff: Islamic State 'kills US hostage',259,0.010583,0.0136846,4.32157e-05,0.975689
Adopting Potential Werewolves Is Routine Business for Argentine Presidents,1345,0.297647,0.0347326,0.00442602,0.663194
Justin Bieber ringtone saves Russian man from bear attack,680,0.00307196,0.0089739,0.128908,0.859046
"'Rehana is alive and well... ISIS fanatics have NOT beheaded her': Poster girl for Kurdish freedom fighters escaped Kobane hellhole, friends tell MailOnline",960,0.173297,0.0283662,0.0635007,0.734836
Reports: Selfie-Taking Doc's Unauthorized Biopsy May Have Killed Joan Rivers,1653,0.267161,0.188616,0.0324591,0.511764
China Penis Amputation: Cruel Aunt Viciously Mutilates Toddler's Genitals as Punishment,113,0.447282,0.0443426,0.0757693,0.432606
"“Hands up, don’t shoot” comes to Hong Kong’s pro-democracy movement",2390,0.00878754,0.0117674,0.000197144,0.979248
URGENT: ISIS beheads Kurdish female fighter “Rehana”,1499,0.0246401,0.00131942,0.938274,0.0357662
Argentina’s president adopts Jewish godson to counteract werewolf legend,1773,0.192001,0.0575672,0.0184812,0.731951
British teenager Ibrahim Kamara 'Killed In US Airstrikes In Syria',2300,0.388929,0.0287816,0.0652025,0.517087
"Crabzilla: Photo Appears To Show Giant, 50-Foot Crab Lurking In British Waters",338,0.00158933,0.641109,0.00366973,0.353632
Report: Woman who claimed to have third breast added is fake,1770,0.0361936,0.0244957,0.218075,0.721236
Jasmine Tridevil: Woman with three breast denies surgery hoax claims,103,0.852221,0.0361871,0.0114063,0.100185
Video purportedly shows beheading of U.S. hostage Steven J. Sotloff,1712,6.96406e-05,5.39753e-05,2.40615e-05,0.999852
Doc calls macabre 'selfie' claims completely crazy,2368,0.0472346,0.0184526,0.102812,0.831501
"Sorry, Argentina's President Didn't Actually Adopt a Jewish Werewolf",2522,0.52076,0.142567,0.0324668,0.304205
Joan Rivers’ Doctor Snapped Selfie During Throat Procedure (Report),2057,0.0133551,0.0258857,0.00633588,0.954423
CNBC: Tesla chooses Nevada for new battery factory plant,1766,0.739178,0.0347333,0.224294,0.00179467
Journalist Steven Sotloff reportedly executed by ISIS,2059,7.60556e-05,0.000207865,2.25647e-05,0.999694
"Report: Woman claims she had third breast added, hopes to become a TV star",1770,0.0177051,0.0133799,0.073769,0.895146
Saudi Women May Have to Cover Up Sexy Eyes,2301,0.000292568,0.000946145,4.01488e-05,0.998721
"Disgusting! Joan Rivers Doc Gwen Korovin’s Sick Selfie EXPOSED — Last Photo Of Comic Icon, When She Was Under Anesthesia, At Center Of Medical Investigation",215,0.748398,0.0424744,0.09272,0.116407
British teenager Ibrahim Kamara 'Killed In US Airstrikes In Syria',711,0.000378798,0.00150972,1.28314e-05,0.998099
Teenager wakes up while undergoing BRAIN SURGERY in Poland... and asks the surgeons how the operation is going,453,0.842956,0.0148893,0.0587466,0.0834077
Pregnant Ferguson woman loses her EYE after police shoot her car with bean bag during violent protests,201,6.74547e-06,0.000318252,3.36332e-05,0.999641
When Street Harassers Realize The Women They're Catcalling Are Their Moms In Disguise,2029,0.231433,0.125636,0.506222,0.136709
Is this Crabzilla? 'Giant crab' measuring 50ft spotted off British coast,2380,0.0908867,0.574799,0.0284229,0.305891
Islamic State video reportedly shows beheading of Steven Sotloff,1687,0.0277491,0.00395995,0.907211,0.0610801
"Steven Sotloff, American Journalist, Allegedly Beheaded By ISIS",2063,0.00299142,0.00117447,0.959444,0.0363898
MICROSOFT 'IN SERIOUS DISCUSSIONS' TO PURCHASE MINECRAFT DEV MOJANG,315,0.00253157,0.419729,0.00319667,0.574542
"Report: Toronto, Seattle, Quebec City to join Vegas in 2017 NHL expansion",2428,0.084953,0.0109146,0.766394,0.137739
This Campaign Shows A Pretty Genius Way To Stop Men Catcalling In The Street,1092,0.0963812,0.122185,0.0123105,0.769123
"Joan Rivers: Doctor Took Selfie With Unconscious Comedian, Performed Biopsy Without Consent -- Details",2323,0.00611585,0.00412368,0.0063753,0.983385
Explosive New Details Of Joan Rivers’ Medical Crisis: Doctor Snapped Selfie With Legendary Comic & Performed Unauthorized Biopsy While She Was Under Anesthesia!,2500,0.39904,0.370419,0.0691543,0.161386
Argentina's President Cristina Kirchner Adopts Jewish Godson To Prevent Him Turning Into A Werewolf,2131,0.797464,0.0326101,0.0379794,0.131947
Report: Hewlett-Packard plans to break into 2 companies,1838,0.118694,0.0361705,0.543439,0.301696
Hewlett-Packard Announces Plans To Break Up Company,279,0.472775,0.17759,0.100835,0.248799
Argentinian President Cristina Kirchner adopts Jewish boy to protect him from werewolf stigma,1246,0.807706,0.0583506,0.0273188,0.106625
Microsoft Near Deal to Buy Minecraft Maker Mojang,1872,0.151092,0.102864,0.0185446,0.7275
Afghan Soldiers Found at Canadian Border,1856,5.90149e-06,4.81012e-05,3.13933e-05,0.999915
ISIS Is Reportedly Trying To Sell James Foley's Remains For $1 Million,336,0.0905638,0.0116121,0.739371,0.158453
No joke: 5-year-old billed for missing friend’s birthday party,751,0.00397071,0.0228172,0.051948,0.921264
‘Crabzilla’ spotted off the coast of Britain,893,0.690603,0.0826477,0.0540987,0.172651
Joan Rivers’ Doctor Snapped Selfie During Throat Procedure (Report),2512,0.00701808,0.0105094,0.00882125,0.973651
Report: Apple Plans to Phase Out Beats Music Brand,249,1.32737e-08,3.56076e-06,9.30189e-07,0.999995
PICTURES: Shocking Pictures Comparing US School Lunches to Other Countries Goes Viral,326,0.0348965,0.01907,0.529432,0.416602
Florida woman gets third breast surgically implanted,1204,0.398292,0.353247,0.09823,0.150231
ISIS terror chief 'believed dead': Iraqi military confirm warlord WAS injured in US-led airstrike as speculation grows feared jihadist perished in attack,2430,0.188724,0.059043,0.725231,0.0270024
Enraged spouse chops off unfaithful husband's manhood – TWICE,1763,0.000725913,0.00253765,3.3732e-05,0.996703
"Hong Kong protesters mimic Ferguson’s ‘hands up, don’t shoot’",1525,0.0509059,0.160615,0.0161098,0.77237
Three Afghan soldiers found at Canada border after leaving Cape Cod base,1348,0.161143,0.0627922,0.0452163,0.730848
Jihadist Brit teen killed in US air strikes,353,0.408625,0.293153,0.193503,0.104719
Hackers: Sony ‘Very Wise’ to Pull Film,836,0.365947,0.0549455,0.00229828,0.576809
"Joan Rivers' Doctor ""Took a Selfie"" During Procedure: CNN",1755,0.378103,0.0380533,0.0686678,0.515176
There's A Weird Story Going Around About How Argentina's President Just Saved A Jewish Man From Becoming A Werewolf,1850,0.601437,0.0318507,0.0423298,0.324382
Report: Apple Is Shutting Down Beats Music,1275,1.52748e-05,7.23528e-05,0.00039225,0.99952
"Hungry Florida cat defies death, digs its way out of grave to return home (VIDEO)",177,0.349705,0.0863152,0.0463259,0.517654
People Actually Believed Argentina’s President Adopted A Jewish Boy To Stop His Change Into A Werewolf,202,0.416997,0.0385857,0.0694367,0.474981
"NHL expansion rumors: This time, Las Vegas is about to get a team",901,0.524571,0.0607342,0.0701584,0.344536
Apple Watch Edition: special safes to be installed in Apple Stores to house luxury smart watch,1381,0.000417391,0.000793076,0.000144584,0.998645
"3 Afghan Soldiers Missing From U.S. Base Apprehended at Canadian Border, Reports Say",1505,0.03606,0.00684514,0.95163,0.00546509
"KGI: iPhone sales forecast at 73M for Q4 ahead of Apple Watch debut in March, 12"" MacBook Air in Q1",1229,0.0126308,0.000246842,0.970616,0.0165061
James Foley beheading: ISIS militants 'trying to sell murdered hostage's body to his parents for $1m',2383,1.05595e-06,2.12015e-05,3.04004e-07,0.999977
Reports: Selfie-Taking Doc's Unauthorized Biopsy May Have Killed Joan Rivers,1096,0.393631,0.0765153,0.256217,0.273637
Next-generation Apple iPhones' features leaked,1464,6.02304e-08,4.51331e-06,2.27846e-07,0.999995
Argentina’s president adopts Jewish boy to save him from life as a werewolf,697,0.795898,0.104644,0.0106507,0.0888075
Joan Rivers Personal Doctor Allegedly Took A Selfie Before Her Biopsy And Cardiac Arrest,2040,0.0290842,0.00844034,0.00238485,0.960091
"Iga Jasica brain surgery: Teen wakes up mid-procedure on table, chats about cat",960,0.769233,0.0417722,0.102803,0.0861914
IS Beheads Its Own Fighters in Accordance With Their Interpretation of Sharia Law,1345,0.337937,0.0476813,0.000782179,0.613599
Airline passenger freaks out over crew's 'Merry Christmas' greeting,69,0.0277135,0.00751767,0.00120495,0.963564
Wednesday Apple Rumors: Apple May Be Ready to Buy Path,2315,1.56804e-10,2.80687e-08,2.67131e-12,1.0
How a Reddit user convinced Tim Cook to change Apple’s on-hold music,1980,0.0462593,0.218756,0.0249518,0.710033
Source: Missing Afghan soldiers at Canadian border,1402,0.106602,0.0269759,0.0578283,0.808594
Crabzilla! Satellite Picture Reveals Giant Crustacean Lurking Off The Coast Of Whitstable,2282,0.67174,0.0303022,0.0321282,0.26583
Michelle Obama: The First Woman?,222,0.381774,0.218212,0.032005,0.368009
James Foley’s Family Claims Government Threatened Them Over Ransom Payments,360,0.90745,0.0222206,0.0431651,0.0271644
Islamic State puts James Foley’s body up for sale for $1M,223,0.0518661,0.0410742,0.00906736,0.897992
Fresh agony for James Foley's family as sick ISIS militants 'try to sell them his headless body for $1million',1845,0.0935117,0.0318635,0.00422189,0.870403
"Apple Watch Takes Two Hours to Charge, Only Delivers Notifications While on the Wrist",1443,0.051825,0.0143213,0.0954774,0.838376
NEWS/ Viral Video: What Happens When You Accidentally Catcall Your Mom,486,0.0742213,0.0255141,0.00301817,0.897247
Fisherman Saved from Deadly Bear Attack by His Justin Bieber Ringtone,2073,0.193137,0.0184474,0.0145342,0.773881
"Source: Joan Rivers' doctor took selfie, began biopsy before her cardiac arrest",865,0.743896,0.0176415,0.106507,0.131956
Saudi Arabia's national airline to introduce gender segregation after a string of complaints from male passengers,1962,0.194457,0.116263,0.207428,0.481852
Jihadist Brit teen killed in US air strikes,2099,0.000212856,2.05607e-06,2.00292e-06,0.999783
Bear attack foiled by Justin Bieber’s music: A story too good to check,2315,0.168231,0.0250343,0.026664,0.780071
Islamic State releases video of beheading of U.S. hostage Steven Sotloff: site intelligence monitoring service,2465,4.66217e-05,1.55483e-06,1.2002e-06,0.999951
Jasmine Tridevil: Woman with three breast denies surgery hoax claims,2204,0.0210168,0.0402682,0.00396959,0.934745
ISIS Reportedly Executes 2nd American Journalist,1550,1.05175e-08,2.03846e-07,1.64156e-07,1.0
Woman Who Claimed To Have Surgery To Add Third Breast Exposed As Hoaxer,785,0.659396,0.0577105,0.111026,0.171867
"Four new NHL expansion teams? Vegas, Seattle, Toronto and Quebec by 2017: Report",2279,0.000656049,0.0050619,0.0378639,0.956418
Raven-Symone Did NOT Accuse Bill Cosby Of Molestation Or Rape — It’s A HOAX,1142,0.69678,0.0835766,0.109873,0.109771
Argentine President Takes On Godson — But Not To Keep Werewolf At Bay,2198,0.280998,0.132116,0.00833685,0.578549
We're Getting More Detail On The Amazing New Camera Apple Is Planning For The Next iPhone,2465,0.149636,0.0304977,0.735606,0.08426
"Rehana, Poster Girl for Kurdish Peshmerga, Alive and 'Fighting Fiercely,' After ISIS' Claims of Beheading Her",2527,0.141731,0.0267146,0.705883,0.125672
Disturbed aunt cuts off nephew’s penis after he burst’s in on her on the toilet.,813,0.396321,0.0180378,0.0210248,0.564616
Report: Doctor took a selfie when Joan Rivers was under anesthesia,929,0.153877,0.392747,0.309385,0.143991
"Satire Website Fools ESPN, Kei Nishikori isn't highest paid tennis star",1953,0.237263,0.43897,0.108164,0.215603
Syria: Teenage British Jihadi from Brighton Killed in US Airstrikes,1886,0.403051,0.0587123,0.474328,0.0639084
"IBM to cut more than 111,000 jobs in largest corporate lay-off ever",1935,0.00151792,0.00539698,0.000390051,0.992695
White House denies threatening families of James Foley and Steven Sotloff over ISIS ransom but adds 'we made the law clear to them',2427,0.00381726,0.000666284,2.77968e-05,0.995489
Apple to keep gold Watch Editions in special in-store safes,361,3.031e-07,1.70708e-05,1.89068e-07,0.999982
Is 'Crabzilla' real or not? Leading marine biologist rules picture of giant crab lurking in shallow waters must be a HOAX,990,0.101426,0.665611,0.14286,0.0901029
Three Boobs Are Most Likely Two Boobs and a Lie,1450,0.111753,0.340835,0.0393873,0.508025
Is Jasmine Tridevil's Triple Breasted Tale An Internet Hoax?,2292,0.0888087,0.0575689,0.0906014,0.763021
Justin Bieber scares off GRIZZLY BEAR and saves fisherman from a mauling,2320,0.791531,0.0281097,0.0329122,0.147447
Afghan Mother Kills 25 Taliban Fighters In Seven-Hour Gunbattle After Watching Her Son Slain In Ambush,2491,0.007359,0.00219397,9.79538e-06,0.990437
"Man saved from bear attack when his Justin Bieber ringtones goes off, sending bear fleeing",1275,0.0761323,0.018524,0.0104319,0.894912
Triple-breasted woman pictured before 'operation' and vows surgery footage will prove third boob is no hoax,328,0.249431,0.539219,0.118229,0.0931207
Joan Rivers Personal Doctor Allegedly Took A Selfie Before Her Biopsy And Cardiac Arrest,2233,0.757739,0.0349305,0.0298641,0.177467
Joan Rivers’ Doctor Snapped Selfie During Throat Procedure (Report),865,0.197871,0.0554423,0.0524659,0.694221
Oil market shrugs off Saudi pipeline blast,1163,0.737786,0.175374,0.0420153,0.0448247
"Transgender teenager, 17, leaves heartbreaking suicide note blaming her Christian parents before walking in front of tractor trailer on highway",2140,0.0846365,0.0623782,0.0424342,0.810551
HP confirms plan to split company,1953,0.237573,0.489284,0.110257,0.162886
"Here's What You Can Do On Path, The Social Network That Apple May Be About To Acquire",1558,0.302664,0.0605603,0.468725,0.16805
Crude Sees a Bid on Reports of Saudi Arabia Pipeline Explosion,1762,0.318235,0.132959,0.322726,0.22608
ISIL Has Reportedly Beheaded Journalist Steven Sotloff,1039,0.0239571,0.00220245,0.938902,0.0349379
Three Boobs Are Most Likely Two Boobs and a Lie,661,0.408482,0.0808353,0.0417582,0.468924
Sexually frustrated female owl killed male because 'his penis was too SMALL',2465,0.000149231,1.53465e-05,3.15371e-05,0.999804
"Switzerland’s Assassination, Kim Jong Un Might Die From Cheese Overdose",2527,0.00123269,0.00416196,0.0137776,0.980828
"Saudi Arabia Airline Segregation: New Islamic Law Takes Flight On Airliner, Seating By Gender Coming Soon",1290,0.106088,0.108143,0.000429257,0.78534
"Everything You Need To Know About Path, The Struggling Social Network In Apple's Sights",2427,0.551083,0.135487,0.215655,0.0977744
"Source: Joan Rivers' doctor took selfie, began biopsy before her cardiac arrest",2427,0.00459292,0.00145493,0.000218406,0.993734
Video purportedly shows beheading of U.S. hostage Steven J. Sotloff,485,0.068575,0.0232523,0.215573,0.6926
Transgender teen leaves note on Tumblr blaming Christian parents for suicide,806,0.712035,0.0304699,0.0263877,0.231107
Iraqi Army Downs 2 UK Planes Carrying Weapons for ISIL,1250,0.469162,0.00818941,0.0633092,0.459339
Steven Sotloff 'beheading': Islamic State fighters release video claiming to show death of second US journalist,1687,0.0449252,0.00424425,0.912956,0.0378749
EXCLUSIVE: Got him! Jihadi John is 'wounded in US airstrike on secret bunker meeting of ISIS high command',1994,0.000998588,0.00114009,4.22159e-07,0.997861
Joan Rivers’ doctor took selfie during procedure,2291,0.85355,0.0196502,0.0239429,0.102857
Rumor Suggests 12-Inch Retina MacBook Air Could Launch During March 9 Apple Watch Event,1779,0.00168236,0.00015837,0.980338,0.017821
